2 5 1 6 1 4 1
6 1 1 2 2 9 3
7 2 3 2 1 3 1
1 1 3 3 7 1 2
4 1 2 3 4 1 3
3 3 1 2 3 4 1
1 5 2 9 4 7 0 

1
7
2 5 1 6 1 4 1
6 1 1 2 2 9 3
7 2 3 2 1 3 1
1 1 3 3 7 1 2
4 1 2 3 4 1 3
3 3 1 2 3 4 1
1 5 2 9 4 7 0 

YES
(0 2) (0 0) (1 2) (0 0) (0 0) (0 0) (0 0) 
(0 0) (0 0) (1 3) (3 3) (0 0) (0 0) (0 0) 
(0 0) (0 0) (0 0) (0 0) (0 0) (0 0) (0 0) 
(0 0) (0 0) (0 0) (3 6) (0 0) (0 0) (5 6) 
(0 0) (0 0) (0 0) (0 0) (0 0) (0 0) (0 0) 
(0 0) (0 0) (0 0) (0 0) (0 0) (0 0) (6 6) 
(0 0) (0 0) (0 0) (0 0) (0 0) (0 0) (0 0) 