139725168
958337053
974411935
355923682
211241384
593670745
680643216
418287540
160439721
656730694
464365072
668760825
609612264
670483944
915119744
244700966
623813678
834455117
286650693
649858370
694059850
805094548
791261527
442438043
167944744
193193549
669913450
271653649
640566099
997487402
863451854
794414611
743650574
518586733
835352693
528786900
995769005
422377870
121379253
425868132
401532353
847032836
506539958
466717589
912659010
572769566
154737808
915981813
788804041
298503012
541502110
388856366
921041043
994527725
165193099
813024397
205887198
825372574
437070090
592212655
982762176
161968190
675613772
703005542
572771481
527267798
155493292
181557859
481704913
744462027
286568728
881846851
255140721
781928350
623319584
212104193
798546104
214055763
930089944
181068516
600264668
242085337
552540912
510699140
520281475
144107255
770700918
996991585
132656315
348354979
334004583
725535540
134515792
448937165
403710727
773455864
259494899
208147922
753090127
354377292

2 2 2 2 3 11 264631
151 1951 3253 
5 7 389 71569
2 177961841
2 2 2 23 211 5441 
5 29 4094281
2 2 2 2 3 3 3 11 43 3331 
2 2 3 5 11 89 7121 
3 13 4113839
2 29 83 136421
2 2 2 2 1327 21871
3 5 5 197 45263
2 2 2 3 3 3 19 89 1669 
2 2 2 3 3 13 17 29 1453 
2 2 2 2 2 2 2 7 11 92849
2 59 617 3361 
2 2579 120941
31 37 79 9209 
3 3 7 4550011
2 5 7 9283691
2 5 5 11 17 74231
2 2 251 263 3049 
7 73 607 2551 
442438043
2 2 2 11 677 2819 
149 1296601
2 5 5 2039 6571 
271653649
3 3 71174011
2 498743701
2 6781 63667
181 4389031
2 257 1446791
7 3079 24061
7 197 433 1399 
2 2 3 3 3 5 5 151 1297 
5 7 11 19 197 691 
2 5 83 127 4007 
3 233 173647
2 2 3 29 107 11437 
401532353
2 2 13 1289 12637 
2 787 321817
13 35901353
2 3 5 30421967
2 6841 41863
2 2 2 2 17 73 7793 
3 3 181 562297
101 7809941
2 2 3 61 407791
2 5 23 31 173 439 
2 5021 38723
3 13 13 631 2879 
5 5 739 53831
165193099
813024397
2 3 11 131 23813
2 13 131 242329
2 3 5 317 45959
5 118442531
2 2 2 2 2 2 3 11 193 2411 
2 5 29 29 19259
2 2 2239 75437
2 149 2359079
3 43 4440089
2 2837 92927
2 2 1489 26107
7 3361 7717 
479 1005647
3 3 82718003
2 2 2 17 61 34543
457 643 3001 
3 3 11 11 11 19 19 59 
2 5 5 7 2234081
2 2 2 2 2 349 55813
7 7 41 71 1487 
2 2 2 139 773 929 
3 43 1659347
2 2 2 7 16608749
2 2 3 3 137 36713
2 2 150066167
13 1103 16883
2 2 2 2 3 7 11 149497
2 2 5 7 3647851
5 5 7 137 21701 
5 28821451
2 3 13 311 31771
5 71 2808427
5 11 67 35999
7 883 56359
3 11 10121351
2 2 3 3 5 1181 3413 
2 2 2 2 8407237
5 2297 39089
7 19 3035419
2 2 2 163 593141
259494899
2 104073961
23 32743049
2 2 3 53 557197

2 2 2 2 3 11 264631
**7**139725168
151 1951 3253 
5 7 389 71569
2 177961841
2 2 2 23 211 5441 
5 29 4094281
2 2 2 2 3 3 3 11 43 3331 
**10**680643216
2 2 3 5 11 89 7121 
3 13 4113839
2 29 83 136421
2 2 2 2 1327 21871
3 5 5 197 45263
2 2 2 3 3 3 19 89 1669 
2 2 2 3 3 13 17 29 1453 
2 2 2 2 2 2 2 7 11 92849
**10**915119744
2 59 617 3361 
2 2579 120941
31 37 79 9209 
3 3 7 4550011
2 5 7 9283691
2 5 5 11 17 74231
2 2 251 263 3049 
7 73 607 2551 
442438043
2 2 2 11 677 2819 
149 1296601
2 5 5 2039 6571 
271653649
3 3 71174011
2 498743701
2 6781 63667
181 4389031
2 257 1446791
7 3079 24061
7 197 433 1399 
2 2 3 3 3 5 5 151 1297 
5 7 11 19 197 691 
2 5 83 127 4007 
3 233 173647
2 2 3 29 107 11437 
401532353
2 2 13 1289 12637 
2 787 321817
13 35901353
2 3 5 30421967
2 6841 41863
2 2 2 2 17 73 7793 
3 3 181 562297
101 7809941
2 2 3 61 407791
2 5 23 31 173 439 
2 5021 38723
3 13 13 631 2879 
5 5 739 53831
165193099
813024397
2 3 11 131 23813
2 13 131 242329
2 3 5 317 45959
5 118442531
2 2 2 2 2 2 3 11 193 2411 
**10**982762176
2 5 29 29 19259
2 2 2239 75437
2 149 2359079
3 43 4440089
2 2837 92927
2 2 1489 26107
7 3361 7717 
479 1005647
3 3 82718003
2 2 2 17 61 34543
457 643 3001 
3 3 11 11 11 19 19 59 
2 5 5 7 2234081
2 2 2 2 2 349 55813
7 7 41 71 1487 
2 2 2 139 773 929 
3 43 1659347
2 2 2 7 16608749
2 2 3 3 137 36713
2 2 150066167
13 1103 16883
2 2 2 2 3 7 11 149497
2 2 5 7 3647851
5 5 7 137 21701 
5 28821451
2 3 13 311 31771
5 71 2808427
5 11 67 35999
7 883 56359
3 11 10121351
2 2 3 3 5 1181 3413 
2 2 2 2 8407237
5 2297 39089
7 19 3035419
2 2 2 163 593141
259494899
2 104073961
23 32743049
2 2 3 53 557197
6
10